16
22821 0 -
25271 2640 D
25781 340 E
25861 3200 A
25891 340 B
25991 3490 C
26701 740 D
35042 1490 E
35076 340 A
35141 1490 B
35171 340 C
35174 740 D
35183 140 E
35191 4500 A
35361 340 B
36013 340 C
2
40000 40000
5
1 0 1 1 0
0 1 1 1 1
1 1 1 0 1
1 1 0 1 1
0 1 1 1 1
0 19911 19273 17580 18975 18706 20179 15996 17556 15902 17330 17083 17864 18264 16619 19786 
0 27986 24751 22709 25960 26234 25892 20937 23239 20806 24094 24341 27317 31413 23587 29972 
29027 0 3700 5742 4010 4284 3942 7514 7546 8040 6508 6755 5367 9054 8539 7613 
25326 3234 0 2041 1208 1483 1140 3813 3845 4340 2808 3055 2566 6661 4838 5221 
23284 5276 2041 0 3250 3524 3182 1771 1804 2298 2036 2283 4607 8703 3841 7263 
26535 4443 1208 3250 0 274 1450 5022 5054 5548 4016 4263 1357 6565 6047 5124 
26809 4717 1483 3524 274 0 1724 5296 5328 5823 4291 4538 1083 6839 6321 5398 
26946 4418 1620 3662 1930 2204 0 5434 5466 5960 4428 4675 3287 5451 6458 4011 
21512 7048 3813 1771 5022 5296 4954 0 2301 526 3156 3403 6379 10475 2069 9035 
23980 5901 2667 1347 3876 4150 3808 2467 0 2994 2079 1428 5233 9328 2256 7888 
20986 7574 4340 2298 5548 5823 5480 526 2828 0 3682 3929 6906 11001 1543 9561 
22414 6042 2808 2036 4016 4291 3948 3156 694 1427 0 247 534 9469 2030 8029 
22167 6289 3055 1794 4263 4538 4195 1707 447 1180 247 0 781 9716 1783 8276 
22948 5800 2566 4607 1357 1083 2807 3690 1228 1962 534 781 0 400 2564 6481 
23348 6200 2966 5007 1757 1483 3207 4090 1628 2362 934 1181 400 0 2964 1694 
23340 8028 4794 2752 6003 6277 5935 2182 2074 1656 1923 1676 2457 11456 0 10015 
28641 6113 3315 5357 3624 3898 1694 7128 7161 7655 6123 6370 1922 1522 8153 0 
0 30048 26710 24959 26226 25863 40139 22855 24351 22723 24151 23904 26946 27346 24778 41558 
24810 0 4326 3890 5448 5638 5472 5700 7046 6227 6351 6598 6721 7121 8281 8666 
22923 2966 0 2041 1189 2549 1620 3813 3957 4690 3262 3509 3632 4032 5293 4815 
20881 3788 2041 0 1558 1748 3488 1771 3155 2298 2461 2708 2831 3231 4352 4925 
22440 3704 1208 1558 0 274 1930 3330 2585 3319 1891 2138 1357 1757 3921 5124 
22008 4296 1483 1748 274 0 2204 2898 2311 3045 1617 1864 1083 1483 3647 3177 
25273 4112 1620 4029 2622 2347 0 6163 4659 5392 3965 4212 3430 2968 5995 1694 
20032 5601 3854 2104 3370 3008 5300 0 1928 526 3721 3968 4091 4491 2580 6185 
21577 4414 2667 1865 2183 1821 4113 2467 0 1654 2534 1428 2904 3304 2256 4998 
20558 6127 4380 2630 3897 3534 5827 526 1628 0 1427 1180 4617 5017 2054 6711 
22721 5009 3262 2461 2779 1577 4709 3611 694 1427 0 247 534 934 2030 2628 
22025 4861 3114 2313 2630 1824 4560 2915 447 1180 247 0 781 1181 1783 2875 
23255 5543 3797 2995 1357 1083 3287 4145 1228 1962 534 781 0 400 2564 2094 
23655 5943 4197 3395 1757 1483 2094 4545 1628 2362 934 1181 400 0 2964 1694 
23536 6372 4625 3824 4142 3335 6072 2182 1958 1656 1758 1511 2292 2692 0 4386 
23919 6207 3315 3659 2185 1910 1694 4809 3322 4056 2628 2875 2094 1694 4658 0 
0 25821 23013 21237 22760 22486 38790 19573 21020 19441 20869 20622 21403 21803 21450 23326 
25807 0 2966 3788 4106 4296 4107 5608 5249 5982 4554 4801 5088 5488 6100 6205 
22745 2966 0 1856 1189 1431 1140 4098 2838 3571 2144 2391 2514 2914 3689 3340 
20899 3788 1856 0 1558 1748 3008 1820 2700 2346 2006 2253 2540 2940 3552 3657 
22492 4106 1189 1558 0 274 1450 3845 2585 3319 1891 2138 1357 1757 3437 2183 
22218 4296 1431 1748 274 0 1473 3571 2311 3045 1617 1864 1083 1483 3163 1909 
38776 4107 1140 3008 1450 1473 0 5044 3784 4518 3090 3337 2556 2094 4342 1694 
19267 5608 4098 1820 3845 3571 5044 0 2104 526 1954 1707 2488 2888 2535 4410 
20827 4414 2388 1347 2095 1821 3294 2180 0 1654 1675 1428 2209 2609 2256 4132 
19173 5982 3571 2346 3319 3045 4518 526 1578 0 1427 1180 1962 2362 2009 3884 
20601 4554 2144 2006 1891 1617 3090 1954 694 1427 0 247 534 934 1545 2456 
20354 4801 2391 2253 2138 1864 3337 1707 447 1180 247 0 781 1181 1783 2703 
21135 5088 2514 2540 1357 1083 2556 2488 1228 1962 534 781 0 400 2080 1922 
21535 5488 2914 2940 1757 1483 2094 2888 1628 2362 934 1181 400 0 2248 1522 
20030 6312 3902 3764 3649 3375 4342 2182 2074 1656 1758 1511 2292 2248 0 3771 
39956 6205 3340 3657 2183 1909 1694 4410 3151 3884 2456 2703 1922 1522 3771 0 
0 21823 24397 23961 25586 25828 37590 24273 24995 20355 25985 25298 26911 39684 26127 40082 
21809 0 2966 4112 4156 4397 3635 5807 6529 6333 4554 4801 5480 5880 7661 6308 
24775 2927 0 2041 1189 1431 1140 4978 2838 3571 2144 2391 2514 2914 4174 3341 
23900 4112 3207 0 1558 1777 3876 1771 1804 2332 2036 2283 2860 3260 2935 3688 
25805 4117 1189 1558 0 274 1450 3172 2585 3319 1891 2138 1357 1757 3921 2185 
25531 4358 1431 1777 274 0 1473 2898 2311 3045 1617 1864 1083 1483 3647 1910 
39792 4112 2904 3250 1747 1473 0 4371 3784 4518 3090 3337 2556 2094 5120 2491 
24902 6366 5707 1994 3172 2898 6376 0 1928 526 3156 2231 3981 4381 2069 4809 
25100 5460 2388 1347 2095 1821 3294 2467 0 1654 2079 1428 2904 3304 2256 3732 
25387 6851 3966 2479 3673 3399 4872 526 1578 0 1427 1180 1962 2362 1543 5310 
25789 4554 2144 2036 1851 1577 3050 3156 694 1427 0 247 534 934 2030 3487 
25547 4801 2391 1794 2098 1824 3297 1707 447 1180 247 0 781 1181 1783 3734 
26323 5088 2514 2570 1357 1083 2556 3690 1228 1962 534 781 0 400 2564 2094 
26723 5488 2914 2970 1757 1483 2094 4090 1628 2362 934 1181 400 0 2248 1694 
25883 7346 3902 2974 3609 3335 4808 2182 2074 1656 1758 1511 2292 2248 0 5246 
27442 6269 3341 3688 2185 1910 2491 4809 3151 3884 2456 2703 1922 1522 3771 0 
0 22146 23013 21249 22760 22486 38790 19584 21020 19441 20869 20622 21403 21803 21450 75144 
22132 0 3234 3788 4106 4348 4374 5676 5249 5982 4554 4801 5088 5488 6585 7011 
22745 3234 0 1856 1189 1431 1140 4098 2838 3571 2144 2391 2514 2914 4174 3340 
20899 3788 1856 0 1558 1800 3008 1820 2700 3434 2006 2253 2540 2940 4036 4463 
22492 4106 1189 1558 0 274 1450 3845 2585 3319 1891 2138 1357 1757 3921 2183 
22218 4348 1431 1800 274 0 1473 3571 2311 3045 1617 1864 1083 1483 3647 1909 
38776 4374 1140 3008 1450 1473 0 5044 3784 4518 3090 3337 2556 2094 4342 1694 
19267 6775 4098 1820 3845 3571 5044 0 2104 526 1954 1707 2488 2888 2535 4410 
20827 4414 2388 1347 2095 1821 3294 2180 0 1654 1675 1428 2209 2609 2256 4132 
19173 5982 3571 2256 3319 3045 4518 526 1578 0 1427 1180 1962 2362 2009 3884 
20601 4554 2144 2006 1891 1617 3090 1954 694 1427 0 247 534 934 2030 2456 
20354 4801 2391 2253 2138 1864 3337 1707 447 1180 247 0 781 1181 1783 2703 
21135 5088 2514 2540 1357 1083 2556 2488 1228 1962 534 781 0 400 2564 1922 
21535 5488 2914 2940 1757 1483 2094 2888 1628 2362 934 1181 400 0 2248 1522 
20830 6312 3902 3764 3649 3375 4342 2182 2074 1656 1758 1511 2292 2248 0 3771 
39956 7011 3340 4463 2183 1909 1694 4410 3151 3884 2456 2703 1922 1522 3771 0 
0 11416 10841 10271 10972 10992 11089 9753 10475 9672 10645 10864 11532 12090 9559 11647 
11085 0 769 1256 782 802 899 1775 1821 2055 1591 1810 1342 1819 2199 1376 
10316 575 0 487 131 151 248 1006 1052 1286 822 1041 691 1249 1430 806 
9829 1145 570 0 701 721 818 519 565 799 574 793 1261 1819 1179 1376 
10423 682 107 594 0 20 237 1113 1159 1393 929 1148 560 1323 1537 880 
10550 809 234 721 127 0 364 1240 1286 1520 1056 1275 540 1450 1664 1007 
10519 619 203 690 216 236 0 1209 1255 1489 1025 1244 776 1193 1633 750 
9310 1663 1088 518 1219 1239 1336 0 722 280 892 1111 1779 2337 660 1894 
10535 2049 1474 906 1605 1625 1722 1225 0 1505 1211 924 2165 2723 1029 2280 
9030 1875 1300 730 1431 1451 1548 212 934 0 1104 1323 1991 2549 380 2106 
10159 1369 794 563 925 945 1042 882 239 1129 0 219 1346 2043 608 1600 
9940 1774 1199 926 1330 1350 1447 1122 20 910 405 0 1751 2448 389 2005 
10686 987 412 899 305 178 542 1409 766 1656 527 746 0 1554 1135 1185 
11744 2045 1470 1957 1363 1236 1600 2467 1824 2714 1585 1804 1058 0 2193 1641 
10547 4629 4054 3484 4185 4205 4302 3135 2607 2923 3271 2866 4617 5303 0 4860 
11682 1782 1366 1853 1379 1399 1163 2372 2418 2652 2188 2407 1918 860 2796 0 
0 29663 31370 29672 31066 31008 30752 26884 29581 25669 30703 29389 31236 31712 28749 32536 
21985 0 3076 3034 4490 4905 4629 4335 5379 6230 4754 5187 5133 5609 9310 7011 
21939 2444 0 2163 2756 3415 2719 4289 3889 6133 3264 3697 3643 4119 8857 5101 
19776 2673 1760 0 1456 1871 3116 2126 2345 4021 1720 2153 2099 2575 7101 4801 
21121 2899 1363 1345 0 1508 1660 3471 2796 5040 2171 2604 1736 2212 7764 4042 
20918 3505 2519 1451 1156 0 2816 3268 1288 3532 663 1096 228 704 6256 2930 
23539 3908 2734 3900 4376 3220 0 5889 4508 6752 3883 4316 3448 3373 9476 2967 
20143 5399 4486 2788 4182 4124 5842 0 3987 1895 3973 4406 4352 4828 4975 7054 
20977 3773 2860 1719 2556 2498 4216 3327 0 4041 2347 2764 2726 3202 6765 5428 
21416 6672 5759 4061 5455 5397 7115 1273 3912 0 5034 3720 5625 6101 3080 8327 
20532 3119 2206 1065 1902 868 3562 2882 625 2869 0 433 727 1203 5593 3429 
21169 3965 3052 1911 2748 2182 4408 3519 192 2436 1314 0 2041 2517 5160 4743 
20967 3554 2641 1500 1756 600 3416 3317 1060 3304 435 868 0 476 6028 2702 
21787 4374 3461 2320 2576 1420 3415 4137 1880 4124 1255 1688 820 0 6848 2226 
25401 8197 7284 6143 6980 6414 8640 6110 4424 4837 5546 4232 6273 6749 0 8975 
22926 5513 4489 3459 3164 2008 1755 5276 3129 5373 2504 2937 2069 1249 8097 0 
0 69623 64878 58929 63173 60929 67415 45356 52666 44796 53278 51219 56160 58255 53707 66657 
68605 0 29458 34058 36102 37668 38222 48923 42315 45875 37393 39452 40275 42370 46878 49965 
62956 29458 0 11388 7324 9178 8764 24184 16522 20082 11600 13659 13947 16042 21085 21475 
57769 34058 11388 0 10134 11700 19869 14865 16347 18967 11425 13484 14307 16402 20910 23997 
61251 36102 7324 10134 0 2244 9735 22479 14817 18377 9895 11954 7013 9108 19380 14541 
59007 37668 9178 11700 2244 0 10210 20235 12573 16133 7651 9710 4769 6864 17136 12297 
66397 38222 8764 19869 9735 10210 0 30445 22783 26343 17861 19920 14979 14343 25447 13479 
43656 48923 24184 14865 22479 20235 30445 0 11972 4102 12584 10525 15466 17561 13013 25963 
52031 39355 16289 13175 14827 12583 22793 13259 0 9157 10459 8400 13341 15436 10888 23838 
42874 45875 20082 18967 18377 16133 26343 4102 7870 0 8482 6423 11364 13459 8911 21861 
51356 37393 11600 11425 9895 7651 17861 12584 4922 8482 0 2059 2882 4977 9485 13379 
49297 39452 13659 13484 11954 9710 19920 10525 2863 6423 2059 0 4941 7036 8154 15438 
54238 40275 13947 14307 7013 4769 14979 15466 7804 11364 2882 4941 0 2095 12367 10497 
56333 42370 16042 16402 9108 6864 14343 17561 9899 13459 4977 7036 2095 0 11104 8402 
47063 47186 21393 21218 19688 17444 25447 10625 9559 6523 9793 7734 12675 11104 0 19506 
64036 49965 21475 23997 14541 12297 13479 25963 18301 21861 13379 15438 10497 8402 19506 0 
0 105321 112033 109661 120458 122158 116712 114874 117279 115717 123959 124041 125348 128576 134415 129841 
92198 0 10324 15573 18749 20449 18718 25260 27665 35424 22250 26414 23639 28403 44801 31669 
99961 12858 0 13181 8425 10125 8898 28947 24155 34281 13743 17907 13315 18079 41055 21345 
92954 13306 11699 0 14151 14362 20093 16494 13929 24291 15104 19268 17552 22316 31065 25582 
106800 22403 9545 14628 0 3242 11795 27149 20812 30938 10400 14564 6432 11196 37712 14462 
103558 21471 8613 13097 1208 0 9549 23907 17570 27696 7158 11322 3190 7954 34470 11220 
107910 23764 16184 20668 8779 7571 0 31478 25141 35267 14729 18893 10761 11864 42041 13129 
99056 24651 25035 14665 25560 24352 33429 0 15328 10164 25094 22090 27542 32306 31980 35572 
101938 24783 19133 11477 16479 15271 24820 22287 0 18823 16013 15223 18461 23225 25597 26491 
106474 32069 30958 22083 28304 27096 36645 10165 11825 0 18444 14588 24317 29081 21816 38316 
105218 23932 13379 14757 10725 9517 19066 25567 10412 20538 0 4164 5873 10637 27312 20737 
108186 27788 17235 17725 14581 13373 22922 26539 6248 16374 3856 0 9729 14493 23148 24593 
109186 27900 16812 18725 9407 8199 17748 29535 14380 24506 3968 8132 0 4764 31280 18836 
113418 32132 21044 22957 13639 12431 20778 33767 18612 28738 8200 12364 4232 0 32644 14072 
115399 40994 39636 31008 36982 35774 45323 30951 20750 20786 26257 22401 32130 35084 0 46994 
118953 36866 24008 28492 16603 15395 19282 39302 28287 38413 17875 22039 13907 9675 42319 0 
0 180386 174271 168786 170218 163381 185475 127611 142299 118885 143883 137776 151538 157452 145821 174412 
176919 0 80753 95442 100086 106253 105010 136467 117054 128161 103163 109270 110818 116732 131249 138393 
170485 80753 0 31891 19435 25602 24257 68344 44279 55386 30388 36495 37445 43359 58474 60007 
166402 95442 31891 0 28952 35119 55461 45622 45920 57027 32029 38136 39684 45598 60115 67259 
166432 100086 19435 28952 0 6837 26509 64291 40226 51333 26335 32442 18680 24594 54421 41242 
159595 106253 25602 35119 6837 0 26250 57454 33389 44496 19498 25605 11843 17757 47584 34405 
182008 105010 24257 55461 26509 26250 0 83704 59639 70746 45748 51855 38093 35944 66742 36415 
123943 132431 68344 45622 64291 57454 83704 0 36372 12958 37956 31849 45611 51525 39894 73186 
142748 110493 46058 34564 42921 36084 62334 40607 0 27649 28799 22692 36454 42368 30737 64029 
115099 128161 55386 56022 51333 44496 70746 12958 23414 0 24998 18891 32653 38567 26936 60228 
140097 103163 30388 32029 26335 19498 45748 37956 13891 24998 0 6107 7655 13569 28086 35230 
133990 109270 36495 38136 32442 25605 51855 31849 7784 18891 6107 0 13762 19676 21979 41337 
147752 110818 37445 39684 18680 11843 38093 45611 21546 32653 7655 13762 0 5914 35741 27575 
153666 116732 43359 45598 24594 17757 35944 51525 27460 38567 13569 19676 5914 0 30798 21661 
136307 131193 58418 60059 54365 47528 66743 34166 28874 21208 28030 21923 35685 30799 0 52460 
171957 138393 60007 67259 41242 34405 36415 73186 49121 60228 35230 41337 27575 21661 52459 0 
